space_limits = ...
  [
  0.61496957	3.635148002	0	;
  0.613356344	3.63127596	0	;
  0.61049168	3.6507145	  0	;
  0.60712425	3.649864473	0	;
  0.604073776	3.68703633	0	;
  0.599531264	3.695069696	0	;
  0.592971127	3.690522264	0	;
  0.585766595	3.683515603	0	;
  0.57583409	3.611597054	0	;
  0.560778703	3.437561684	0	;
  0.543813094	3.187045724	0	;
  0.524448409	2.874778253	0	;
  0.505779427	2.529443525	0	;
  0.48635389	2.193761502	0	;
  0.46697493	1.86481202	0	;
  0.449642172	1.563245848	0	;
  0.437355417	1.276650537	0	;
  0.432957749	1.004527558	0	;
  0.438712501	0.72597707	0	;
  0.451316229	0.495155543	0	;
  0.466953434	0.322465424	0	;
  0.481656229	0.204709924	0	;
  0.496159673	0.127339389	0	;
  0.508409182	0.078390851	0	;
  0.518501019	0.048536815	0	;
  0.527266087	0.030124413	0	;
  0.535848021	0.018208809	0	;
  0.544644287	0.010646885	0	;
  0.553470552	0.006396568	0	;
  0.562375206	0.004193579	0	;
  0.571543937	0.002845757	0	;
  0.580627848	0.001902257	0	;
  0.589988898	0.001245817	0	;
  0.599980968	0.000805492	0	;
  0.610833676	0.000523442	0	;
  0.622803297	0.000347309	0	;
  0.636113443	0.000241334	0	;
  0.650969748	0.000177021	0	;
  0.667557959	0.000141843	0	;
  0.686025545	0.000127633	0	;
  0.706435091	0.000123141	0	;
  0.728742105	0.00011224	0	;
  0.752705126	9.67303E-05	0	;
  0.777786943	9.53912E-05	0	;
  0.802450499	8.51114E-05	0	;
  0.82682515	7.27126E-05	0	;
  0.849172202	5.05591E-05	0	;
  0.869241577	4.27143E-05	0	;
  0.886550885	3.98421E-05	0	;
  0.901206022	2.90085E-05	0	;
  0.913630084	2.18617E-05	0	;
  0.92450559	1.8839E-05	0	;
  0.933736008	1.73379E-05	0	;
  0.941339556	1.54632E-05	0	;
  0.947097064	1.3433E-05	0	;
  0.951343487	1.22848E-05	0	;
  0.954145382	1.15744E-05	0	;
  0.956814857	1.09017E-05	0	;
  0.958868695	1.03788E-05	0	;
  0.960360125	9.99828E-06	0	;
  0.961403831	9.73652E-06	0	;
  0.962040292	9.57846E-06	0	;
  0.962384343	9.48743E-06	0	;
  0.962726534	9.40208E-06	0	;
  0.962861294	9.3631E-06	0	;
  0.61496957	3.635148002	0	;
  ];

% lsY coordinates of the Viewsonic monitor's guns + the D65 metamer
% that was used as a reference for the experiment.

Viewsonic = ...
  [  %l = (L/L+M) s = (S/L+M) Y= L+M
  0.831299149	0.007771259	27.64585014; %R
  0.613801589	0.010563943	86.70790244; %G
  0.529250741	0.611486425	10.31712149; %B
  0.655034825	0.059673923	124.6708741; %D65
  ];
